2 2
2 3
3 4
4 4
5 4
6 4
7 4
8 4
9 4
10 5
10 6
10 7
10 8
10 9
10 10
10 11
10 12
10 11
11 10
12 10
13 10
14 11
14 12
14 13
14 14
14 15
14 16
14 17
15 18
16 18
17 18
18 18
18 17
19 16
20 15
21 14
22 13
23 12
24 12
25 12
26 11
26 10
26 9
27 8
28 9
28 10
28 11
28 12
28 13
27 14
26 15
26 16
26 17
27 18
28 19
28 20
28 21
29 22
30 22
31 22
32 23
32 24
32 25
32 26
31 26
30 26
31 26
32 25
32 24
32 23
32 22
32 21
32 20
32 19
33 18
34 19
34 20
34 21
35 22
36 23
37 24
38 25
39 26
40 27
40 28
40 29
40 30
40 31
40 32
40 33
39 34
38 34
37 34
36 34
35 34
34 34
33 34
32 34
31 34
30 34
29 34
28 33
27 32
26 32
25 32
24 33
23 34
22 33
21 32
20 33
20 34
20 35
20 36
20 37
21 38
22 39
22 40
22 41
23 42
24 42
25 42
26 42
27 42
28 43
29 44
30 44
31 44
32 45
33 46
34 47
34 48
34 49
34 50
34 51
35 52
36 52
36 51
36 50
36 49
36 48
36 47
36 46
36 45
37 44
38 44
39 44
40 44
41 44
42 44
43 44
44 45
44 46
44 47
44 48
44 49
45 50
46 51
46 52
46 53
46 54
45 54
44 54
43 54
42 54
41 54
40 54
39 54
38 54
37 54
36 55
36 56
36 57
36 58
36 59
37 60
38 60
39 60
40 60
41 60
42 60
43 60
44 61
45 62
46 62
47 62
48 63
48 64
48 65
49 66
50 66
50 67
51 68
52 68
53 68
54 68
55 68
56 68
57 68
58 67
59 66
60 66
61 66
62 67
62 68
62 69
62 70
62 71
61 72
60 72
59 72
58 73
58 74
58 75
57 76
56 76
55 76
54 77
54 78
54 79
54 80
54 81
55 82
56 82
55 82
54 81
53 80
52 80
51 80
50 81
50 82
50 83
51 84
52 84
53 84
54 84
55 84
56 84
57 84
58 84
59 84
60 83
61 82
62 82
63 82
64 82
65 82
66 82
67 82
68 82
69 82
70 81
70 80
70 79
69 78
70 79
70 80
70 81
69 82
68 82
67 82
66 83
66 84
66 85
67 86
68 86
69 86
70 86
71 86
72 86
73 86
74 86
75 86
76 85
77 84
78 84
78 83
78 82
78 81
79 80
80 80
81 80
82 79
82 78
82 77
83 76
84 76
85 76
86 77
87 78
88 79
89 80
90 80
91 80
92 80
93 80
94 81
94 82
94 81
95 80
96 81
96 82
96 83
96 84
96 85
96 86
95 86
94 86
93 86
92 87
92 88
91 88
90 88
91 88
92 87
92 86
92 85
92 84
92 83
91 82
90 82
89 82
88 83
87 84
86 85
86 86
86 87
86 88
86 89
86 90
86 91
87 92
88 92
89 92
90 92
91 92
92 92
93 92
94 92
94 91
95 90
96 90
97 90
98 91
98 92
98 93
97 94
96 94
95 94
94 94
95 94
96 94
97 94
98 93
98 92
98 91
98 90
98 89
98 88
98 87
99 86
100 87
100 88
100 89
100 90
100 91
100 92
100 93
100 94
100 95
100 96
100 97
100 98
100 99
100 100
