0 0 0 1 0 2 0 3 0 4 1 0 2 0 2 2 2 4 3 0 3 2 3 4 4 0 4 2 4 4 
0 5 2 5 
0 6 2 6 3 6 4 6 5 0 5 2 5 4 
6 0 6 2 6 4 6 6 
7 0 7 2 7 4 7 6 
8 0 8 2 8 4 8 5 8 6 
9 0 9 2 
10 0 10 2 10 4 10 5 10 6 
11 0 11 2 11 4 
6 7 10 7 12 2 12 4 12 6 12 7 
6 8 7 8 8 8 10 8 11 8 12 8 
6 9 
6 10 7 10 8 10 10 10 11 10 12 10 
8 11 10 11 12 11 
6 12 8 12 10 12 12 12 
6 13 8 13 10 13 
6 14 8 14 9 14 10 14 11 14 12 14 

13 6 
14 6 14 8 14 10 14 11 14 12 
15 6 15 8 15 10 15 12 
14 13 16 7 16 8 16 10 16 12 
14 14 16 14 
12 15 16 15 
10 16 11 16 12 16 14 16 15 16 16 16 
10 17 
10 18 12 18 13 18 14 18 15 18 16 18 
12 19 
11 20 12 20 13 20 14 20 16 20 17 14 17 18 
18 14 18 16 18 18 18 20 
19 18 19 20 
20 14 20 15 20 16 20 17 20 18 20 20 
18 13 
18 12 19 12 20 12 21 14 
20 11 22 12 22 13 22 14 22 16 
17 10 18 10 20 10 22 10 23 12 23 16 
18 9 20 9 22 9 24 9 24 10 24 12 24 13 24 14 24 15 
19 8 20 8 22 8 23 8 24 8 25 12 
26 8 26 9 26 10 26 11 26 12 26 14 
27 14 
28 7 28 8 28 9 28 10 28 11 28 12 28 13 
22 6 23 6 24 6 25 6 26 6 27 6 28 6 

23 4 24 4 25 4 26 4 28 4 29 4 
30 6 30 7 30 8 30 10 
30 12 
30 13 
28 14 30 14 
26 15 
24 16 26 16 27 16 28 16 
28 17 
22 18 24 18 25 18 26 18 28 18 
22 19 24 19 26 19 28 19 
24 20 26 20 28 20 29 20 
24 21 26 21 30 16 30 17 30 18 30 19 30 20 
24 22 26 22 27 22 28 22 29 22 30 22 
26 23 30 23 
26 24 28 24 29 24 30 24 
32 18 32 19 32 20 32 21 32 22 32 23 32 24 
33 22 33 24 
34 19 34 20 34 22 34 24 34 25 
28 26 29 26 30 26 34 26 
30 27 34 27 
28 28 30 28 31 28 32 28 33 28 34 28 
27 26 27 28 
26 25 26 26 26 28 




34 18 
34 17 
31 16 32 16 34 16 
32 15 34 15 
31 14 32 14 34 14 35 14 35 20 
36 16 36 17 36 18 36 20 36 21 
36 22 

36 24 37 18 37 22 
36 25 38 19 38 20 38 22 38 23 38 24 
36 26 37 26 38 26 39 24 
38 27 40 22 40 23 40 24 40 26 40 27 
35 28 36 28 38 28 40 28 41 22 41 26 
36 29 40 29 42 24 42 26 42 27 42 28 42 29 
36 30 37 30 38 30 40 30 42 30 
38 31 40 31 42 31 
36 32 37 32 38 32 40 32 42 32 
40 33 
36 34 37 34 38 34 39 34 40 34 42 34 

35 32 35 34 36 36 37 36 38 36 40 36 41 36 
34 30 34 32 34 34 34 36 
33 32 33 34 
32 30 32 31 32 32 32 34 32 35 32 36 
31 30 31 34 
30 30 30 31 30 32 30 34 30 35 30 36 
29 32 29 36 
28 30 28 31 28 32 28 34 28 35 28 36 
27 30 27 34 
26 30 26 32 26 33 26 34 26 36 
25 30 25 32 25 34 25 36 
24 30 24 32 24 34 
23 28 23 30 23 34 24 28 25 28 
22 28 22 30 22 31 22 32 22 34 
21 34 
20 29 20 30 20 32 20 33 20 34 20 35 
20 36 21 36 22 36 24 36 
18 29 18 30 18 32 18 33 18 34 
17 32 17 34 18 28 19 28 20 28 
16 29 16 30 16 31 16 32 16 34 16 35 
16 36 18 36 
18 37 22 37 
16 38 17 38 18 38 20 38 22 38 
16 39 20 39 22 39 
17 40 18 40 19 40 20 40 22 40 23 40 
24 37 24 38 24 40 
18 42 19 42 20 42 21 42 22 42 24 42 
24 43 
19 44 20 44 21 44 22 44 24 44 25 38 25 40 25 42 
26 38 26 39 26 40 26 42 26 43 26 44 
27 44 
28 38 28 39 28 40 28 41 28 42 28 44 
29 38 29 42 
24 45 28 45 30 39 30 40 30 42 30 44 30 45 
26 46 28 46 30 46 31 42 31 46 
32 40 32 42 32 43 32 44 32 46 
33 40 33 44 
28 47 34 42 34 43 34 44 34 45 34 46 34 47 
30 48 32 48 34 48 35 42 
30 49 32 49 34 49 36 44 36 45 36 46 36 48 36 49 
30 50 32 50 34 50 36 50 
32 51 
30 52 31 52 32 52 34 52 35 52 36 52 
34 53 
31 54 32 54 33 54 34 54 36 54 37 48 37 50 37 52 37 54 
38 48 38 50 38 51 38 52 38 54 
38 47 
37 46 38 46 

37 44 38 44 

36 42 38 42 
36 41 
34 40 35 40 36 40 38 40 39 42 39 44 
40 40 40 42 40 44 40 46 
41 42 41 44 
42 40 42 41 42 42 42 44 42 45 42 46 
43 40 43 42 
44 40 44 42 44 43 44 44 44 45 44 46 
45 40 45 46 
40 47 42 47 44 47 46 42 46 43 46 44 46 45 46 46 
40 48 42 48 44 48 45 48 46 48 
40 49 42 49 46 49 
40 50 42 50 43 50 44 50 46 50 
40 51 44 51 
41 52 42 52 43 52 44 52 46 52 47 50 47 52 
46 53 48 47 48 48 48 50 48 51 48 52 
42 54 43 54 44 54 46 54 48 54 
44 55 46 55 48 55 
42 56 44 56 45 56 46 56 48 56 
41 54 41 56 
40 52 40 54 40 56 
39 54 
38 56 

36 55 36 56 

34 56 

32 56 32 57 34 57 36 57 
32 58 34 58 36 58 37 58 38 58 
32 59 
32 60 33 60 34 60 36 60 38 60 
34 61 36 61 38 61 
34 62 35 62 36 62 38 62 39 58 39 62 
40 58 40 60 40 61 40 62 
41 58 41 60 
42 58 42 60 42 61 42 62 
43 58 
44 58 44 59 44 60 44 62 
45 60 45 62 
42 63 46 58 46 59 46 60 46 62 46 63 
42 64 43 64 44 64 46 64 47 58 
48 58 48 59 48 60 48 61 48 62 48 63 48 64 
49 64 
44 65 46 65 50 60 50 61 50 62 50 64 
44 66 46 66 47 66 48 66 50 66 
46 67 48 67 
46 68 48 68 49 68 50 68 51 66 51 68 
52 62 52 64 52 65 52 66 52 68 
46 69 52 69 
48 70 50 70 52 70 53 64 53 68 
54 64 54 65 54 66 54 68 54 69 54 70 
55 66 55 70 
56 64 56 65 56 66 56 68 56 70 
57 64 57 70 
58 64 58 66 58 67 58 68 58 69 58 70 
59 64 59 66 
58 63 60 64 60 66 60 67 60 68 60 69 
56 62 58 62 60 62 61 62 
62 62 62 64 62 65 62 66 62 67 62 68 
63 62 63 64 
62 69 64 63 64 64 64 66 64 68 64 69 
60 70 62 70 64 70 
62 71 64 71 
58 72 59 72 60 72 61 72 62 72 64 72 
58 73 64 73 
58 74 59 74 60 74 62 74 63 74 
56 72 56 73 56 74 
55 74 
54 72 54 74 60 75 
54 76 55 76 56 76 57 76 58 76 59 76 60 76 
54 77 
53 72 53 74 54 78 56 78 57 78 58 78 59 78 
52 72 52 73 52 74 52 75 52 76 52 77 52 78 
51 78 
50 73 50 74 50 76 50 78 54 79 56 79 
50 80 51 80 52 80 54 80 55 80 56 80 
50 81 
50 82 51 82 52 82 53 82 54 82 55 82 56 82 

51 84 52 84 53 84 54 84 56 84 57 80 57 82 57 84 
58 80 58 81 58 82 58 84 


49 76 49 78 
48 76 48 78 48 80 48 81 48 82 
47 78 47 80 
46 77 46 78 46 80 46 81 46 82 48 83 
46 84 48 84 49 84 50 84 

52 86 53 86 
54 85 54 86 

56 85 56 86 
57 86 
58 86 
59 84 
60 80 60 82 60 83 60 84 60 86 
61 80 61 82 61 86 
62 80 62 82 62 83 62 84 62 85 
60 78 61 78 62 78 63 78 63 80 63 84 
64 78 64 79 64 80 64 82 64 83 64 84 
65 80 
66 78 66 80 66 82 66 83 66 84 
67 78 67 80 67 82 67 84 
68 78 68 79 68 80 68 82 68 84 
69 84 
70 78 70 79 70 80 70 81 70 82 70 83 70 84 
71 82 
66 77 70 77 72 78 72 79 72 80 72 82 
66 76 68 76 69 76 70 76 72 76 
66 75 68 75 
66 74 67 74 68 74 70 74 71 74 






64 85 
62 86 64 86 66 86 67 86 68 86 
62 87 64 87 68 87 
64 88 65 88 66 88 67 88 68 88 69 86 
70 86 70 87 70 88 

72 84 72 86 72 88 
73 82 73 84 73 86 73 88 
74 82 74 84 74 86 74 88 
75 86 
76 82 76 84 76 85 76 86 76 88 
77 84 77 88 
74 81 76 81 78 81 78 82 78 84 78 85 78 86 
73 80 74 80 75 80 76 80 78 80 79 80 79 82 79 86 
80 80 80 82 80 83 80 84 80 85 80 86 

74 78 76 78 77 78 78 78 80 78 
76 77 78 77 80 77 
76 76 78 76 79 76 80 76 81 80 81 82 
82 76 82 77 82 78 82 79 82 80 82 82 
83 76 83 82 
80 75 84 76 84 77 84 78 
78 74 79 74 80 74 82 74 83 74 84 74 
82 73 
79 72 80 72 82 72 84 72 85 72 85 74 85 78 
86 72 86 74 86 76 86 78 
87 72 87 74 87 76 
86 79 88 74 88 75 88 76 88 77 88 78 
86 80 87 80 88 80 89 80 
90 75 90 76 90 77 90 78 90 80 
85 82 86 82 88 82 89 82 90 82 91 78 91 80 
92 76 92 77 92 78 92 80 92 81 92 82 
93 78 
94 76 94 77 94 78 94 80 94 81 94 82 
95 76 
90 83 92 83 94 83 96 78 96 80 96 81 96 82 
90 84 92 84 93 84 94 84 96 84 

96 76 97 76 97 78 97 80 97 82 
98 78 98 79 98 80 98 82 98 83 
97 84 98 84 
96 85 
92 86 93 86 94 86 96 86 98 86 
92 87 94 87 96 87 98 87 
92 88 94 88 95 88 96 88 98 88 

90 85 90 86 90 88 
89 86 89 88 
88 83 88 84 88 86 88 88 90 89 92 89 
88 90 89 90 90 90 91 90 92 90 94 90 
87 84 87 90 
86 84 86 85 86 86 86 87 86 88 86 89 86 90 









84 82 84 84 84 85 
83 84 84 86 
82 84 82 85 82 86 84 87 
82 88 83 88 84 88 

82 90 83 90 84 90 
82 91 84 91 
82 92 84 92 86 92 87 92 88 92 
82 93 84 93 86 93 88 93 
84 94 86 94 88 94 89 92 
90 92 90 93 90 94 
91 92 
92 92 92 94 
93 92 93 94 
94 92 94 94 
95 90 95 92 95 94 
96 90 96 91 96 92 96 94 


98 89 98 90 98 91 98 92 

98 93 100 87 100 88 100 89 100 90 100 91 100 92 100 93 
97 94 98 94 100 94 
100 95 
94 96 95 96 96 96 98 96 
92 95 92 96 
91 96 
90 95 90 96 






100 86 
100 85 
100 84 
100 83 
100 82 







100 96 
96 97 98 97 100 97 
96 98 97 98 98 98 100 98 
100 99 
96 100 97 100 98 100 99 100 100 100 


